第1幅图像的平均误差：0.0248354像素
第2幅图像的平均误差：0.0237352像素
第3幅图像的平均误差：0.0266931像素
第4幅图像的平均误差：0.035118像素
第5幅图像的平均误差：0.0335055像素
第6幅图像的平均误差：0.0401967像素
第7幅图像的平均误差：0.0377341像素
第8幅图像的平均误差：0.0497234像素
第9幅图像的平均误差：0.0285771像素
第10幅图像的平均误差：0.048799像素
第11幅图像的平均误差：0.0451194像素
第12幅图像的平均误差：0.0498834像素
第13幅图像的平均误差：0.03347像素
第14幅图像的平均误差：0.0438747像素
总体平均误差：0.0372332像素

相机内参数矩阵：
[323.5947848831223, 0, 625.6547170756152;
 0, 323.9207663787394, 500.8502826339592;
 0, 0, 1]
畸变系数：
[-0.0354283, 0.0113536, -0.0097064, 0.00227291]
第1幅图像的旋转向量：
[-3.04225, 0.38874, -0.0119998]
第1幅图像的旋转矩阵：
[0.9678834198825792, -0.2508106495660111, 0.01719603386475864;
 -0.2513937480351718, -0.9651337633559688, 0.07292463424092881;
 -0.001693802004639945, -0.07490551978739783, -0.9971891967626548]
第1幅图像的平移向量：
[-36.2358, 84.0245, 169.601]
第2幅图像的旋转向量：
[2.44386, -1.67063, 0.729371]
第2幅图像的旋转矩阵：
[0.2865665117815971, -0.8987174700156396, 0.3319435846857355;
 -0.8544047614538696, -0.3964830859701327, -0.3358476829524908;
 0.4334421967578657, -0.1873714802959311, -0.8814872605100015]
第2幅图像的平移向量：
[9.70133, 174.701, 164.263]
第3幅图像的旋转向量：
[-2.93194, 0.1815, -0.803601]
第3幅图像的旋转矩阵：
[0.8539839988591559, -0.08916487899012698, 0.5126021401118027;
 -0.1398029312552907, -0.9882987051005797, 0.06099844185670529;
 0.501165112617541, -0.1237549750563322, -0.8564567916969623]
第3幅图像的平移向量：
[-114.258, 30.5117, 149.242]
第4幅图像的旋转向量：
[-2.75991, -1.00265, -0.609694]
第4幅图像的旋转矩阵：
[0.6953451959310728, 0.6411056437871173, 0.3247747096063399;
 0.5833320714259159, -0.7674395390444588, 0.2660079855139287;
 0.4197841742390089, 0.004484129295003775, -0.9076128798353067]
第4幅图像的平移向量：
[-155.69, -53.7117, 153.951]
第5幅图像的旋转向量：
[-2.83915, -0.887144, -0.735488]
第5幅图像的旋转矩阵：
[0.7175395846888216, 0.5543196731241166, 0.4217423910305507;
 0.517157763225036, -0.8295980958159872, 0.2105109197988686;
 0.4665670287757923, 0.06705743363759606, -0.881940195394942]
第5幅图像的平移向量：
[-122.833, -60.053, 93.485]
第6幅图像的旋转向量：
[-2.9496, 0.176352, -0.583703]
第6幅图像的旋转矩阵：
[0.9183750100577524, -0.08914549445794152, 0.3855391312425657;
 -0.1392449591126406, -0.9847832561250059, 0.1039845172011197;
 0.3704027298267957, -0.1491811625966229, -0.9168133934793807]
第6幅图像的平移向量：
[-65.1457, 66.0014, 93.788]
第7幅图像的旋转向量：
[-2.86426, 0.432913, -0.547235]
第7幅图像的旋转矩阵：
[0.8890025822794272, -0.2469805456236285, 0.3855839970537763;
 -0.3183929016538939, -0.938599451796881, 0.1328797549027252;
 0.3290902138881155, -0.2408976528944382, -0.9130541889466502]
第7幅图像的平移向量：
[-67.9989, 122.963, 113.487]
第8幅图像的旋转向量：
[-2.91217, -0.525052, -0.662245]
第8幅图像的旋转矩阵：
[0.8451072203142891, 0.3554065619597653, 0.3993494232981874;
 0.3077731755905548, -0.9342516423899577, 0.1801375615427616;
 0.4371149260315425, -0.02932651373085761, -0.8989274147743148]
第8幅图像的平移向量：
[-94.3578, 9.83227, 66.3273]
第9幅图像的旋转向量：
[-2.18008, -1.94159, -0.405061]
第9幅图像的旋转矩阵：
[0.1027910805949188, 0.9919303450218959, 0.07421714340279412;
 0.9388620528459761, -0.1213976425763009, 0.3221810951976478;
 0.3285909911667816, 0.03656231668889082, -0.9437643548695688]
第9幅图像的平移向量：
[-54.7899, -82.9659, 215.477]
第10幅图像的旋转向量：
[-2.9816, 0.0861008, -0.701224]
第10幅图像的旋转矩阵：
[0.8938378310312916, -0.03689897257212315, 0.4468695532707479;
 -0.07230627466254966, -0.995426438007623, 0.06243403847165396;
 0.4425220157932259, -0.08811737818715296, -0.892417835545504]
第10幅图像的平移向量：
[-85.8205, 61.4531, 69.6133]
第11幅图像的旋转向量：
[-3.0041, 0.239689, 0.158701]
第11幅图像的旋转矩阵：
[0.981921929469998, -0.1640140080118306, -0.09449195522272033;
 -0.151029795723444, -0.9797822369628072, 0.1312126858801861;
 -0.114102257776313, -0.1145695129956168, -0.9868406667047599]
第11幅图像的平移向量：
[-15.4523, 33.2034, 127.501]
第12幅图像的旋转向量：
[-2.79747, 0.883137, 0.166033]
第12幅图像的旋转矩阵：
[0.8148622257000251, -0.5778427550719166, -0.04579632668783198;
 -0.5550210025157328, -0.8005812572966917, 0.2258790322975532;
 -0.1671862431351112, -0.1586423678471335, -0.9730782903909747]
第12幅图像的平移向量：
[-31.1606, 4.36086, 135.002]
第13幅图像的旋转向量：
[2.83564, -1.05409, -0.353008]
第13幅图像的旋转矩阵：
[0.7341951548106952, -0.6318515457084672, -0.2484373136996933;
 -0.6540346348418611, -0.7564103880656248, -0.009056558600492204;
 -0.1821981643150461, 0.1691358891904123, -0.9686056369379624]
第13幅图像的平移向量：
[99.773, 186.623, 139.255]
第14幅图像的旋转向量：
[2.69181, -1.26089, -0.37613]
第14幅图像的旋转矩阵：
[0.6163196150175324, -0.7339790405295276, -0.2853504866090026;
 -0.770357166232044, -0.6371195439537193, -0.02507036392116621;
 -0.1634012502387159, 0.2352731492872886, -0.9580952857857435]
第14幅图像的平移向量：
[122.602, 184.106, 123.164]

